Total Cliques : 84
size 123 : [1, 2, 4, 5, 6, 9, 10, 11, 13, 18, 23, 24, 26, 27, 30, 33, 34, 35, 36, 40, 41, 42, 43, 44, 45, 47, 48, 49, 52, 54, 55, 56, 57, 58, 63, 64, 65, 67, 68, 69, 70, 71, 73, 74, 79, 80, 81, 82, 83, 84, 86, 87, 89, 92, 93, 97, 98, 99, 101, 102, 104, 114, 115, 116, 118, 120, 122, 123, 124, 129, 130, 133, 138, 139, 140, 142, 143, 148, 149, 154, 156, 158, 163, 166, 168, 169, 170, 174, 176, 177, 179, 181, 182, 187, 189, 190, 191, 192, 193, 195, 197, 200, 204, 209, 214, 216, 217, 218, 219, 225, 227, 229, 231, 234, 235, 236, 237, 241, 242, 246, 248, 252, 259]
size 125 : [1, 5, 6, 9, 10, 11, 13, 18, 23, 24, 26, 27, 30, 33, 34, 35, 36, 40, 41, 42, 43, 44, 45, 47, 48, 49, 52, 54, 55, 56, 57, 58, 63, 64, 65, 67, 68, 69, 70, 71, 73, 74, 79, 80, 81, 82, 83, 84, 86, 87, 89, 92, 93, 94, 97, 98, 99, 101, 102, 104, 106, 114, 115, 116, 117, 118, 120, 122, 123, 124, 129, 130, 133, 138, 139, 140, 142, 143, 148, 149, 154, 156, 158, 163, 166, 168, 169, 170, 174, 176, 177, 179, 181, 182, 187, 189, 190, 191, 192, 193, 195, 197, 200, 204, 209, 214, 216, 217, 218, 219, 225, 227, 229, 231, 234, 235, 236, 237, 241, 242, 244, 246, 248, 252, 259]
size 120 : [1, 9, 10, 11, 13, 18, 23, 24, 26, 27, 30, 33, 34, 35, 36, 40, 41, 42, 43, 44, 45, 47, 48, 49, 52, 54, 55, 56, 57, 58, 63, 64, 65, 66, 67, 68, 69, 70, 71, 73, 74, 79, 80, 81, 82, 83, 84, 85, 86, 87, 89, 92, 93, 94, 97, 98, 99, 101, 106, 114, 115, 116, 118, 120, 122, 123, 124, 129, 133, 138, 139, 140, 142, 143, 148, 149, 154, 156, 163, 166, 167, 168, 169, 170, 174, 176, 177, 181, 182, 187, 189, 190, 191, 192, 193, 195, 197, 200, 204, 209, 214, 216, 217, 218, 219, 225, 227, 229, 231, 234, 235, 236, 237, 241, 242, 244, 246, 248, 252, 259]
size 124 : [1, 13, 18, 23, 24, 26, 27, 30, 33, 34, 35, 36, 40, 41, 42, 43, 44, 45, 47, 48, 49, 52, 53, 54, 55, 56, 57, 58, 63, 64, 65, 67, 68, 69, 70, 71, 73, 74, 79, 80, 81, 82, 83, 84, 85, 86, 87, 89, 92, 93, 94, 97, 98, 99, 101, 102, 104, 106, 114, 115, 116, 117, 118, 120, 122, 124, 128, 129, 130, 131, 133, 138, 139, 140, 142, 143, 148, 149, 154, 156, 158, 163, 166, 167, 168, 169, 170, 174, 176, 177, 179, 181, 182, 187, 189, 191, 192, 193, 195, 197, 200, 204, 209, 214, 216, 217, 218, 219, 225, 227, 229, 231, 234, 235, 236, 237, 239, 241, 242, 244, 246, 248, 252, 259]
size 132 : [1, 16, 18, 21, 23, 24, 26, 27, 30, 33, 34, 36, 40, 41, 42, 43, 44, 45, 47, 48, 49, 52, 53, 54, 55, 56, 58, 59, 63, 64, 65, 67, 68, 69, 70, 71, 73, 74, 79, 80, 82, 83, 84, 85, 86, 87, 88, 89, 92, 93, 94, 97, 98, 99, 101, 102, 103, 104, 106, 107, 114, 115, 116, 117, 118, 120, 122, 124, 128, 129, 130, 131, 133, 134, 135, 136, 137, 138, 139, 140, 142, 143, 149, 153, 156, 158, 160, 163, 166, 167, 168, 169, 170, 171, 174, 175, 176, 177, 179, 181, 182, 183, 185, 187, 189, 191, 192, 193, 197, 204, 209, 214, 216, 217, 218, 219, 220, 225, 227, 231, 234, 236, 237, 239, 240, 241, 244, 246, 248, 252, 255, 259]
size 127 : [1, 17, 18, 20, 21, 23, 24, 26, 27, 30, 33, 34, 36, 40, 41, 42, 43, 44, 45, 47, 48, 49, 52, 53, 54, 55, 56, 58, 59, 63, 64, 65, 67, 68, 69, 70, 71, 73, 74, 80, 82, 83, 84, 85, 86, 87, 89, 92, 93, 94, 97, 98, 99, 101, 102, 103, 104, 106, 107, 114, 115, 116, 117, 118, 120, 122, 124, 128, 129, 130, 131, 133, 134, 136, 137, 138, 139, 140, 142, 143, 149, 153, 156, 160, 163, 166, 167, 168, 169, 170, 174, 175, 176, 177, 179, 181, 182, 183, 185, 187, 189, 191, 192, 193, 197, 204, 209, 214, 216, 217, 218, 219, 220, 225, 227, 231, 234, 236, 237, 239, 240, 241, 244, 248, 252, 255, 259]
size 127 : [1, 18, 20, 21, 23, 24, 26, 27, 30, 33, 34, 36, 40, 41, 42, 43, 44, 45, 47, 48, 49, 52, 53, 54, 55, 56, 58, 59, 63, 64, 65, 67, 68, 69, 70, 71, 73, 74, 80, 82, 83, 84, 85, 86, 87, 89, 92, 93, 94, 97, 98, 99, 101, 102, 103, 104, 106, 107, 114, 115, 116, 117, 118, 120, 122, 124, 128, 129, 130, 131, 133, 134, 136, 137, 138, 139, 140, 142, 143, 149, 153, 156, 160, 163, 166, 167, 168, 169, 170, 174, 175, 176, 177, 179, 181, 182, 183, 185, 187, 189, 191, 192, 193, 197, 204, 209, 214, 215, 216, 217, 218, 219, 220, 225, 227, 231, 234, 236, 237, 239, 240, 241, 244, 248, 252, 255, 259]
size 129 : [1, 23, 24, 26, 27, 30, 33, 34, 35, 36, 40, 41, 42, 43, 44, 45, 47, 48, 49, 52, 53, 54, 55, 56, 57, 58, 59, 63, 64, 65, 67, 68, 69, 70, 71, 73, 74, 79, 80, 81, 82, 83, 84, 85, 86, 87, 89, 92, 93, 94, 97, 98, 99, 101, 102, 103, 104, 106, 107, 114, 115, 116, 117, 118, 120, 122, 124, 128, 129, 130, 131, 133, 134, 135, 136, 137, 138, 139, 140, 142, 143, 148, 149, 156, 158, 163, 166, 167, 168, 169, 170, 174, 175, 176, 177, 179, 181, 182, 183, 185, 187, 189, 191, 192, 193, 197, 204, 209, 214, 215, 216, 217, 218, 219, 220, 225, 227, 231, 234, 236, 237, 239, 240, 241, 242, 244, 248, 252, 259]
size 109 : [1, 40, 41, 42, 43, 44, 45, 46, 47, 48, 49, 52, 54, 56, 57, 58, 59, 60, 63, 64, 65, 67, 68, 69, 70, 73, 74, 79, 80, 81, 82, 83, 84, 85, 86, 87, 89, 92, 93, 94, 97, 98, 99, 102, 104, 107, 114, 115, 116, 117, 118, 120, 121, 122, 123, 124, 129, 130, 133, 135, 138, 139, 140, 142, 143, 148, 149, 156, 162, 166, 167, 168, 169, 170, 174, 179, 180, 181, 182, 183, 187, 189, 191, 192, 193, 195, 197, 204, 214, 216, 217, 218, 219, 225, 227, 229, 231, 234, 235, 236, 237, 239, 241, 242, 244, 246, 248, 252, 259]
size 101 : [1, 47, 48, 49, 50, 52, 53, 54, 55, 57, 58, 59, 63, 64, 65, 67, 68, 69, 70, 71, 73, 74, 82, 83, 84, 86, 87, 89, 92, 93, 94, 97, 98, 99, 101, 103, 104, 106, 114, 115, 116, 117, 118, 120, 122, 124, 129, 130, 131, 133, 134, 135, 136, 137, 139, 140, 142, 143, 149, 158, 163, 166, 167, 168, 169, 170, 174, 175, 179, 180, 181, 182, 183, 185, 187, 189, 191, 192, 193, 197, 204, 209, 214, 216, 217, 218, 219, 220, 225, 227, 229, 231, 234, 236, 237, 239, 241, 242, 244, 248, 252]
size 125 : [2, 5, 6, 9, 10, 11, 13, 18, 23, 24, 26, 27, 30, 33, 34, 35, 36, 40, 41, 42, 43, 44, 45, 47, 48, 49, 52, 54, 55, 56, 57, 58, 63, 64, 65, 67, 68, 69, 70, 71, 73, 74, 79, 80, 81, 82, 83, 84, 86, 87, 89, 92, 93, 94, 97, 98, 99, 101, 102, 104, 106, 114, 115, 116, 117, 118, 120, 122, 123, 124, 129, 130, 133, 138, 139, 140, 142, 143, 148, 149, 154, 156, 158, 163, 166, 168, 169, 170, 174, 176, 177, 179, 181, 182, 187, 189, 190, 191, 192, 193, 195, 197, 200, 204, 209, 214, 216, 217, 218, 219, 225, 227, 229, 231, 234, 235, 236, 237, 241, 242, 244, 246, 248, 252, 259]
size 120 : [2, 9, 10, 11, 13, 18, 23, 24, 26, 27, 30, 33, 34, 35, 36, 40, 41, 42, 43, 44, 45, 47, 48, 49, 52, 54, 55, 56, 57, 58, 63, 64, 65, 66, 67, 68, 69, 70, 71, 73, 74, 79, 80, 81, 82, 83, 84, 85, 86, 87, 89, 92, 93, 94, 97, 98, 99, 101, 106, 114, 115, 116, 118, 120, 122, 123, 124, 129, 133, 138, 139, 140, 142, 143, 148, 149, 154, 156, 163, 166, 167, 168, 169, 170, 174, 176, 177, 181, 182, 187, 189, 190, 191, 192, 193, 195, 197, 200, 204, 209, 214, 216, 217, 218, 219, 225, 227, 229, 231, 234, 235, 236, 237, 241, 242, 244, 246, 248, 252, 259]
size 126 : [2, 10, 11, 13, 18, 23, 24, 26, 27, 30, 33, 34, 35, 36, 40, 41, 42, 43, 44, 45, 47, 48, 49, 52, 53, 54, 55, 56, 57, 58, 63, 64, 65, 67, 68, 69, 70, 71, 73, 74, 79, 80, 81, 82, 83, 84, 85, 86, 87, 89, 92, 93, 94, 97, 98, 99, 101, 102, 104, 106, 114, 115, 116, 117, 118, 120, 122, 124, 128, 129, 130, 131, 133, 138, 139, 140, 142, 143, 148, 149, 154, 156, 158, 163, 166, 167, 168, 169, 170, 174, 176, 177, 179, 181, 182, 187, 189, 191, 192, 193, 195, 197, 200, 204, 209, 214, 216, 217, 218, 219, 225, 227, 229, 231, 234, 235, 236, 237, 239, 241, 242, 244, 246, 248, 252, 259]
size 132 : [2, 16, 18, 21, 23, 24, 26, 27, 30, 33, 34, 36, 40, 41, 42, 43, 44, 45, 47, 48, 49, 52, 53, 54, 55, 56, 58, 59, 63, 64, 65, 67, 68, 69, 70, 71, 73, 74, 79, 80, 82, 83, 84, 85, 86, 87, 88, 89, 92, 93, 94, 97, 98, 99, 101, 102, 103, 104, 106, 107, 114, 115, 116, 117, 118, 120, 122, 124, 128, 129, 130, 131, 133, 134, 135, 136, 137, 138, 139, 140, 142, 143, 149, 153, 156, 158, 160, 163, 166, 167, 168, 169, 170, 171, 174, 175, 176, 177, 179, 181, 182, 183, 185, 187, 189, 191, 192, 193, 197, 204, 209, 214, 216, 217, 218, 219, 220, 225, 227, 231, 234, 236, 237, 239, 240, 241, 244, 246, 248, 252, 255, 259]
size 127 : [2, 17, 18, 20, 21, 23, 24, 26, 27, 30, 33, 34, 36, 40, 41, 42, 43, 44, 45, 47, 48, 49, 52, 53, 54, 55, 56, 58, 59, 63, 64, 65, 67, 68, 69, 70, 71, 73, 74, 80, 82, 83, 84, 85, 86, 87, 89, 92, 93, 94, 97, 98, 99, 101, 102, 103, 104, 106, 107, 114, 115, 116, 117, 118, 120, 122, 124, 128, 129, 130, 131, 133, 134, 136, 137, 138, 139, 140, 142, 143, 149, 153, 156, 160, 163, 166, 167, 168, 169, 170, 174, 175, 176, 177, 179, 181, 182, 183, 185, 187, 189, 191, 192, 193, 197, 204, 209, 214, 216, 217, 218, 219, 220, 225, 227, 231, 234, 236, 237, 239, 240, 241, 244, 248, 252, 255, 259]
size 127 : [2, 18, 20, 21, 23, 24, 26, 27, 30, 33, 34, 36, 40, 41, 42, 43, 44, 45, 47, 48, 49, 52, 53, 54, 55, 56, 58, 59, 63, 64, 65, 67, 68, 69, 70, 71, 73, 74, 80, 82, 83, 84, 85, 86, 87, 89, 92, 93, 94, 97, 98, 99, 101, 102, 103, 104, 106, 107, 114, 115, 116, 117, 118, 120, 122, 124, 128, 129, 130, 131, 133, 134, 136, 137, 138, 139, 140, 142, 143, 149, 153, 156, 160, 163, 166, 167, 168, 169, 170, 174, 175, 176, 177, 179, 181, 182, 183, 185, 187, 189, 191, 192, 193, 197, 204, 209, 214, 215, 216, 217, 218, 219, 220, 225, 227, 231, 234, 236, 237, 239, 240, 241, 244, 248, 252, 255, 259]
size 129 : [2, 23, 24, 26, 27, 30, 33, 34, 35, 36, 40, 41, 42, 43, 44, 45, 47, 48, 49, 52, 53, 54, 55, 56, 57, 58, 59, 63, 64, 65, 67, 68, 69, 70, 71, 73, 74, 79, 80, 81, 82, 83, 84, 85, 86, 87, 89, 92, 93, 94, 97, 98, 99, 101, 102, 103, 104, 106, 107, 114, 115, 116, 117, 118, 120, 122, 124, 128, 129, 130, 131, 133, 134, 135, 136, 137, 138, 139, 140, 142, 143, 148, 149, 156, 158, 163, 166, 167, 168, 169, 170, 174, 175, 176, 177, 179, 181, 182, 183, 185, 187, 189, 191, 192, 193, 197, 204, 209, 214, 215, 216, 217, 218, 219, 220, 225, 227, 231, 234, 236, 237, 239, 240, 241, 242, 244, 248, 252, 259]
size 113 : [2, 33, 34, 35, 36, 40, 41, 42, 43, 44, 45, 46, 47, 48, 49, 52, 54, 56, 57, 58, 59, 60, 63, 64, 65, 67, 68, 69, 70, 73, 74, 79, 80, 81, 82, 83, 84, 85, 86, 87, 89, 92, 93, 94, 97, 98, 99, 102, 104, 107, 114, 115, 116, 117, 118, 120, 121, 122, 123, 124, 129, 130, 133, 135, 138, 139, 140, 142, 143, 148, 149, 156, 162, 166, 167, 168, 169, 170, 174, 179, 180, 181, 182, 183, 187, 189, 191, 192, 193, 195, 197, 204, 214, 216, 217, 218, 219, 225, 227, 229, 231, 234, 235, 236, 237, 239, 241, 242, 244, 246, 248, 252, 259]
size 101 : [2, 47, 48, 49, 50, 52, 53, 54, 55, 57, 58, 59, 63, 64, 65, 67, 68, 69, 70, 71, 73, 74, 82, 83, 84, 86, 87, 89, 92, 93, 94, 97, 98, 99, 101, 103, 104, 106, 114, 115, 116, 117, 118, 120, 122, 124, 129, 130, 131, 133, 134, 135, 136, 137, 139, 140, 142, 143, 149, 158, 163, 166, 167, 168, 169, 170, 174, 175, 179, 180, 181, 182, 183, 185, 187, 189, 191, 192, 193, 197, 204, 209, 214, 216, 217, 218, 219, 220, 225, 227, 229, 231, 234, 236, 237, 239, 241, 242, 244, 248, 252]
size 117 : [4, 9, 10, 11, 13, 18, 23, 24, 26, 27, 30, 33, 34, 35, 36, 40, 41, 42, 43, 44, 45, 47, 48, 49, 52, 54, 55, 56, 57, 58, 63, 64, 65, 66, 67, 68, 69, 70, 71, 73, 74, 79, 80, 81, 82, 83, 84, 85, 86, 87, 89, 92, 93, 97, 98, 99, 101, 114, 115, 116, 118, 120, 122, 123, 124, 129, 133, 138, 139, 140, 142, 143, 148, 149, 154, 156, 163, 166, 167, 168, 169, 170, 174, 176, 177, 181, 182, 187, 189, 190, 191, 192, 193, 195, 197, 200, 204, 209, 214, 216, 217, 218, 219, 225, 227, 229, 231, 234, 235, 236, 237, 241, 242, 246, 248, 252, 259]
size 123 : [4, 17, 18, 23, 24, 26, 27, 30, 33, 34, 35, 36, 40, 41, 42, 43, 44, 45, 47, 48, 49, 52, 54, 55, 56, 57, 58, 63, 64, 65, 67, 68, 69, 70, 71, 73, 74, 79, 80, 81, 82, 83, 84, 85, 86, 87, 89, 92, 93, 97, 98, 99, 101, 102, 104, 114, 115, 116, 118, 120, 122, 123, 124, 128, 129, 130, 131, 133, 135, 138, 139, 140, 142, 143, 148, 149, 154, 156, 158, 163, 166, 167, 168, 169, 170, 174, 176, 177, 179, 181, 182, 183, 187, 189, 191, 192, 193, 195, 197, 200, 204, 209, 214, 216, 217, 218, 219, 220, 225, 227, 229, 231, 234, 235, 236, 237, 239, 241, 242, 246, 248, 252, 259]
size 115 : [4, 18, 23, 24, 26, 27, 30, 33, 34, 35, 36, 40, 41, 42, 43, 44, 45, 47, 48, 49, 52, 54, 55, 56, 57, 58, 63, 64, 65, 66, 67, 68, 69, 70, 71, 73, 74, 79, 80, 81, 82, 83, 84, 85, 86, 87, 89, 92, 93, 97, 98, 99, 101, 114, 115, 116, 118, 120, 122, 123, 124, 129, 133, 135, 138, 139, 140, 142, 143, 148, 149, 154, 156, 163, 166, 167, 168, 169, 170, 174, 176, 177, 181, 182, 187, 189, 190, 191, 192, 193, 195, 197, 200, 204, 209, 214, 216, 217, 218, 219, 220, 225, 227, 229, 231, 234, 235, 236, 237, 241, 242, 246, 248, 252, 259]
size 103 : [4, 40, 41, 42, 43, 44, 45, 46, 47, 48, 49, 52, 54, 56, 57, 58, 60, 63, 64, 65, 67, 68, 69, 70, 73, 74, 79, 80, 81, 82, 83, 84, 85, 86, 87, 89, 92, 93, 97, 98, 99, 102, 104, 114, 115, 116, 118, 120, 121, 122, 123, 124, 129, 130, 133, 135, 138, 139, 140, 142, 143, 148, 149, 156, 162, 166, 167, 168, 169, 170, 174, 179, 181, 182, 183, 187, 189, 191, 192, 193, 195, 197, 204, 214, 216, 217, 218, 219, 225, 227, 229, 231, 234, 235, 236, 237, 239, 241, 242, 246, 248, 252, 259]
size 98 : [4, 45, 46, 47, 48, 49, 52, 54, 56, 57, 58, 60, 63, 64, 65, 67, 68, 69, 70, 73, 74, 79, 80, 81, 82, 83, 84, 85, 86, 87, 89, 92, 93, 97, 98, 99, 102, 104, 108, 114, 115, 116, 118, 120, 121, 122, 123, 124, 129, 130, 133, 135, 138, 139, 140, 142, 143, 148, 149, 156, 162, 166, 167, 168, 169, 170, 174, 179, 181, 182, 187, 189, 191, 192, 193, 195, 197, 204, 214, 216, 217, 218, 219, 225, 227, 229, 231, 234, 235, 236, 237, 239, 241, 242, 246, 248, 252, 259]
size 104 : [4, 47, 48, 49, 52, 54, 55, 56, 57, 58, 60, 63, 64, 65, 67, 68, 69, 70, 71, 73, 74, 79, 80, 81, 82, 83, 84, 85, 86, 87, 89, 92, 93, 97, 98, 99, 101, 102, 104, 108, 114, 115, 116, 118, 120, 121, 122, 123, 124, 129, 130, 131, 133, 135, 138, 139, 140, 142, 143, 148, 149, 156, 158, 162, 163, 166, 167, 168, 169, 170, 174, 176, 179, 181, 182, 187, 189, 191, 192, 193, 195, 197, 204, 209, 214, 216, 217, 218, 219, 225, 227, 229, 231, 234, 235, 236, 237, 239, 241, 242, 246, 248, 252, 259]
size 120 : [5, 9, 10, 11, 13, 18, 23, 24, 26, 27, 30, 33, 34, 35, 36, 40, 41, 42, 43, 44, 45, 47, 48, 49, 52, 54, 55, 56, 57, 58, 63, 64, 65, 66, 67, 68, 69, 70, 71, 73, 74, 79, 80, 81, 82, 83, 84, 85, 86, 87, 89, 92, 93, 94, 97, 98, 99, 101, 106, 114, 115, 116, 118, 120, 122, 123, 124, 129, 133, 138, 139, 140, 142, 143, 148, 149, 154, 156, 163, 166, 167, 168, 169, 170, 174, 176, 177, 181, 182, 187, 189, 190, 191, 192, 193, 195, 197, 200, 204, 209, 214, 216, 217, 218, 219, 225, 227, 229, 231, 234, 235, 236, 237, 241, 242, 244, 246, 248, 252, 259]
size 126 : [5, 10, 11, 13, 18, 23, 24, 26, 27, 30, 33, 34, 35, 36, 40, 41, 42, 43, 44, 45, 47, 48, 49, 52, 53, 54, 55, 56, 57, 58, 63, 64, 65, 67, 68, 69, 70, 71, 73, 74, 79, 80, 81, 82, 83, 84, 85, 86, 87, 89, 92, 93, 94, 97, 98, 99, 101, 102, 104, 106, 114, 115, 116, 117, 118, 120, 122, 124, 128, 129, 130, 131, 133, 138, 139, 140, 142, 143, 148, 149, 154, 156, 158, 163, 166, 167, 168, 169, 170, 174, 176, 177, 179, 181, 182, 187, 189, 191, 192, 193, 195, 197, 200, 204, 209, 214, 216, 217, 218, 219, 225, 227, 229, 231, 234, 235, 236, 237, 239, 241, 242, 244, 246, 248, 252, 259]
size 132 : [5, 16, 18, 21, 23, 24, 26, 27, 30, 33, 34, 36, 40, 41, 42, 43, 44, 45, 47, 48, 49, 52, 53, 54, 55, 56, 58, 59, 63, 64, 65, 67, 68, 69, 70, 71, 73, 74, 79, 80, 82, 83, 84, 85, 86, 87, 88, 89, 92, 93, 94, 97, 98, 99, 101, 102, 103, 104, 106, 107, 114, 115, 116, 117, 118, 120, 122, 124, 128, 129, 130, 131, 133, 134, 135, 136, 137, 138, 139, 140, 142, 143, 149, 153, 156, 158, 160, 163, 166, 167, 168, 169, 170, 171, 174, 175, 176, 177, 179, 181, 182, 183, 185, 187, 189, 191, 192, 193, 197, 204, 209, 214, 216, 217, 218, 219, 220, 225, 227, 231, 234, 236, 237, 239, 240, 241, 244, 246, 248, 252, 255, 259]
size 127 : [5, 17, 18, 20, 21, 23, 24, 26, 27, 30, 33, 34, 36, 40, 41, 42, 43, 44, 45, 47, 48, 49, 52, 53, 54, 55, 56, 58, 59, 63, 64, 65, 67, 68, 69, 70, 71, 73, 74, 80, 82, 83, 84, 85, 86, 87, 89, 92, 93, 94, 97, 98, 99, 101, 102, 103, 104, 106, 107, 114, 115, 116, 117, 118, 120, 122, 124, 128, 129, 130, 131, 133, 134, 136, 137, 138, 139, 140, 142, 143, 149, 153, 156, 160, 163, 166, 167, 168, 169, 170, 174, 175, 176, 177, 179, 181, 182, 183, 185, 187, 189, 191, 192, 193, 197, 204, 209, 214, 216, 217, 218, 219, 220, 225, 227, 231, 234, 236, 237, 239, 240, 241, 244, 248, 252, 255, 259]
size 127 : [5, 18, 20, 21, 23, 24, 26, 27, 30, 33, 34, 36, 40, 41, 42, 43, 44, 45, 47, 48, 49, 52, 53, 54, 55, 56, 58, 59, 63, 64, 65, 67, 68, 69, 70, 71, 73, 74, 80, 82, 83, 84, 85, 86, 87, 89, 92, 93, 94, 97, 98, 99, 101, 102, 103, 104, 106, 107, 114, 115, 116, 117, 118, 120, 122, 124, 128, 129, 130, 131, 133, 134, 136, 137, 138, 139, 140, 142, 143, 149, 153, 156, 160, 163, 166, 167, 168, 169, 170, 174, 175, 176, 177, 179, 181, 182, 183, 185, 187, 189, 191, 192, 193, 197, 204, 209, 214, 215, 216, 217, 218, 219, 220, 225, 227, 231, 234, 236, 237, 239, 240, 241, 244, 248, 252, 255, 259]
size 129 : [5, 23, 24, 26, 27, 30, 33, 34, 35, 36, 40, 41, 42, 43, 44, 45, 47, 48, 49, 52, 53, 54, 55, 56, 57, 58, 59, 63, 64, 65, 67, 68, 69, 70, 71, 73, 74, 79, 80, 81, 82, 83, 84, 85, 86, 87, 89, 92, 93, 94, 97, 98, 99, 101, 102, 103, 104, 106, 107, 114, 115, 116, 117, 118, 120, 122, 124, 128, 129, 130, 131, 133, 134, 135, 136, 137, 138, 139, 140, 142, 143, 148, 149, 156, 158, 163, 166, 167, 168, 169, 170, 174, 175, 176, 177, 179, 181, 182, 183, 185, 187, 189, 191, 192, 193, 197, 204, 209, 214, 215, 216, 217, 218, 219, 220, 225, 227, 231, 234, 236, 237, 239, 240, 241, 242, 244, 248, 252, 259]
size 123 : [6, 10, 11, 13, 18, 23, 24, 26, 27, 30, 33, 34, 35, 36, 40, 41, 42, 43, 44, 45, 47, 48, 49, 52, 53, 54, 55, 56, 57, 58, 63, 64, 65, 67, 68, 69, 70, 71, 73, 74, 79, 80, 81, 82, 83, 84, 86, 87, 89, 92, 93, 94, 97, 98, 99, 101, 102, 104, 106, 114, 115, 116, 117, 118, 120, 122, 124, 128, 129, 130, 133, 138, 139, 140, 142, 143, 148, 149, 154, 156, 158, 163, 166, 168, 169, 170, 174, 176, 177, 179, 181, 182, 187, 189, 190, 191, 192, 193, 195, 197, 200, 204, 209, 214, 216, 217, 218, 219, 225, 227, 229, 231, 234, 235, 236, 237, 241, 242, 244, 246, 248, 252, 259]
size 126 : [6, 18, 23, 24, 26, 27, 30, 33, 34, 35, 36, 40, 41, 42, 43, 44, 45, 47, 48, 49, 52, 53, 54, 55, 56, 57, 58, 63, 64, 65, 67, 68, 69, 70, 71, 73, 74, 79, 80, 81, 82, 83, 84, 86, 87, 89, 92, 93, 94, 97, 98, 99, 101, 102, 103, 104, 106, 114, 115, 116, 117, 118, 120, 122, 124, 128, 129, 130, 133, 134, 135, 136, 138, 139, 140, 142, 143, 148, 149, 154, 156, 158, 163, 166, 168, 169, 170, 174, 175, 176, 177, 179, 181, 182, 183, 185, 187, 189, 190, 191, 192, 193, 197, 204, 209, 214, 216, 217, 218, 219, 225, 227, 229, 231, 234, 235, 236, 237, 240, 241, 242, 244, 246, 248, 252, 259]
size 105 : [6, 33, 34, 35, 36, 40, 41, 42, 43, 44, 45, 46, 47, 48, 49, 52, 54, 56, 57, 58, 60, 63, 64, 65, 67, 68, 69, 70, 73, 74, 79, 80, 81, 82, 83, 84, 86, 87, 89, 92, 93, 94, 97, 98, 99, 102, 104, 114, 115, 116, 117, 118, 120, 122, 123, 124, 129, 130, 133, 135, 138, 139, 140, 142, 143, 148, 149, 156, 166, 168, 169, 170, 174, 179, 181, 182, 183, 187, 189, 191, 192, 193, 195, 197, 204, 214, 216, 217, 218, 219, 225, 227, 229, 231, 234, 235, 236, 237, 241, 242, 244, 246, 248, 252, 259]
size 128 : [9, 17, 18, 23, 24, 26, 27, 30, 33, 34, 35, 36, 40, 41, 42, 43, 44, 45, 47, 48, 49, 52, 54, 55, 56, 57, 58, 59, 63, 64, 65, 67, 68, 69, 70, 71, 73, 74, 79, 80, 81, 82, 83, 84, 85, 86, 87, 89, 92, 93, 94, 97, 98, 99, 101, 102, 103, 104, 106, 107, 114, 115, 116, 117, 118, 120, 122, 124, 129, 130, 133, 134, 135, 138, 139, 140, 142, 143, 148, 149, 154, 156, 158, 163, 166, 167, 168, 169, 170, 174, 176, 177, 179, 181, 182, 183, 185, 187, 189, 191, 192, 193, 197, 204, 209, 214, 216, 217, 218, 219, 220, 225, 227, 229, 231, 234, 235, 236, 237, 239, 240, 241, 242, 244, 246, 248, 252, 259]
size 128 : [9, 18, 23, 24, 26, 27, 30, 33, 34, 35, 36, 40, 41, 42, 43, 44, 45, 47, 48, 49, 52, 54, 55, 56, 57, 58, 59, 63, 64, 65, 67, 68, 69, 70, 71, 73, 74, 79, 80, 81, 82, 83, 84, 85, 86, 87, 89, 92, 93, 94, 97, 98, 99, 101, 102, 103, 104, 106, 107, 114, 115, 116, 117, 118, 120, 122, 124, 129, 130, 133, 134, 135, 138, 139, 140, 142, 143, 148, 149, 154, 156, 158, 163, 166, 167, 168, 169, 170, 174, 176, 177, 179, 181, 182, 183, 185, 187, 189, 190, 191, 192, 193, 197, 204, 209, 214, 216, 217, 218, 219, 220, 225, 227, 229, 231, 234, 235, 236, 237, 239, 240, 241, 242, 244, 246, 248, 252, 259]
size 109 : [9, 40, 41, 42, 43, 44, 45, 46, 47, 48, 49, 52, 54, 56, 57, 58, 59, 60, 63, 64, 65, 67, 68, 69, 70, 73, 74, 79, 80, 81, 82, 83, 84, 85, 86, 87, 89, 92, 93, 94, 97, 98, 99, 102, 104, 107, 114, 115, 116, 117, 118, 120, 121, 122, 123, 124, 129, 130, 133, 135, 138, 139, 140, 142, 143, 148, 149, 156, 162, 166, 167, 168, 169, 170, 174, 179, 180, 181, 182, 183, 187, 189, 191, 192, 193, 195, 197, 204, 214, 216, 217, 218, 219, 225, 227, 229, 231, 234, 235, 236, 237, 239, 241, 242, 244, 246, 248, 252, 259]
size 112 : [9, 47, 48, 49, 52, 54, 55, 56, 57, 58, 59, 60, 63, 64, 65, 67, 68, 69, 70, 71, 73, 74, 79, 80, 81, 82, 83, 84, 85, 86, 87, 89, 92, 93, 94, 97, 98, 99, 101, 102, 103, 104, 106, 107, 114, 115, 116, 117, 118, 120, 122, 124, 129, 130, 133, 134, 135, 138, 139, 140, 142, 143, 148, 149, 156, 158, 162, 163, 166, 167, 168, 169, 170, 174, 176, 177, 179, 180, 181, 182, 183, 187, 189, 191, 192, 193, 195, 197, 204, 209, 214, 216, 217, 218, 219, 220, 225, 227, 229, 231, 234, 235, 236, 237, 239, 241, 242, 244, 246, 248, 252, 259]
size 132 : [10, 16, 18, 21, 23, 24, 26, 27, 30, 33, 34, 36, 40, 41, 42, 43, 44, 45, 47, 48, 49, 52, 53, 54, 55, 56, 58, 59, 63, 64, 65, 67, 68, 69, 70, 71, 73, 74, 79, 80, 82, 83, 84, 85, 86, 87, 88, 89, 92, 93, 94, 97, 98, 99, 101, 102, 103, 104, 106, 107, 114, 115, 116, 117, 118, 120, 122, 124, 128, 129, 130, 131, 133, 134, 135, 136, 137, 138, 139, 140, 142, 143, 149, 153, 156, 158, 160, 163, 166, 167, 168, 169, 170, 171, 174, 175, 176, 177, 179, 181, 182, 183, 185, 187, 189, 191, 192, 193, 197, 204, 209, 214, 216, 217, 218, 219, 220, 225, 227, 231, 234, 236, 237, 239, 240, 241, 244, 246, 248, 252, 255, 259]
size 127 : [10, 17, 18, 20, 21, 23, 24, 26, 27, 30, 33, 34, 36, 40, 41, 42, 43, 44, 45, 47, 48, 49, 52, 53, 54, 55, 56, 58, 59, 63, 64, 65, 67, 68, 69, 70, 71, 73, 74, 80, 82, 83, 84, 85, 86, 87, 89, 92, 93, 94, 97, 98, 99, 101, 102, 103, 104, 106, 107, 114, 115, 116, 117, 118, 120, 122, 124, 128, 129, 130, 131, 133, 134, 136, 137, 138, 139, 140, 142, 143, 149, 153, 156, 160, 163, 166, 167, 168, 169, 170, 174, 175, 176, 177, 179, 181, 182, 183, 185, 187, 189, 191, 192, 193, 197, 204, 209, 214, 216, 217, 218, 219, 220, 225, 227, 231, 234, 236, 237, 239, 240, 241, 244, 248, 252, 255, 259]
size 127 : [10, 18, 20, 21, 23, 24, 26, 27, 30, 33, 34, 36, 40, 41, 42, 43, 44, 45, 47, 48, 49, 52, 53, 54, 55, 56, 58, 59, 63, 64, 65, 67, 68, 69, 70, 71, 73, 74, 80, 82, 83, 84, 85, 86, 87, 89, 92, 93, 94, 97, 98, 99, 101, 102, 103, 104, 106, 107, 114, 115, 116, 117, 118, 120, 122, 124, 128, 129, 130, 131, 133, 134, 136, 137, 138, 139, 140, 142, 143, 149, 153, 156, 160, 163, 166, 167, 168, 169, 170, 174, 175, 176, 177, 179, 181, 182, 183, 185, 187, 189, 191, 192, 193, 197, 204, 209, 214, 215, 216, 217, 218, 219, 220, 225, 227, 231, 234, 236, 237, 239, 240, 241, 244, 248, 252, 255, 259]
size 129 : [10, 23, 24, 26, 27, 30, 33, 34, 35, 36, 40, 41, 42, 43, 44, 45, 47, 48, 49, 52, 53, 54, 55, 56, 57, 58, 59, 63, 64, 65, 67, 68, 69, 70, 71, 73, 74, 79, 80, 81, 82, 83, 84, 85, 86, 87, 89, 92, 93, 94, 97, 98, 99, 101, 102, 103, 104, 106, 107, 114, 115, 116, 117, 118, 120, 122, 124, 128, 129, 130, 131, 133, 134, 135, 136, 137, 138, 139, 140, 142, 143, 148, 149, 156, 158, 163, 166, 167, 168, 169, 170, 174, 175, 176, 177, 179, 181, 182, 183, 185, 187, 189, 191, 192, 193, 197, 204, 209, 214, 215, 216, 217, 218, 219, 220, 225, 227, 231, 234, 236, 237, 239, 240, 241, 242, 244, 248, 252, 259]
size 109 : [10, 40, 41, 42, 43, 44, 45, 46, 47, 48, 49, 52, 54, 56, 57, 58, 59, 60, 63, 64, 65, 67, 68, 69, 70, 73, 74, 79, 80, 81, 82, 83, 84, 85, 86, 87, 89, 92, 93, 94, 97, 98, 99, 102, 104, 107, 114, 115, 116, 117, 118, 120, 121, 122, 123, 124, 129, 130, 133, 135, 138, 139, 140, 142, 143, 148, 149, 156, 162, 166, 167, 168, 169, 170, 174, 179, 180, 181, 182, 183, 187, 189, 191, 192, 193, 195, 197, 204, 214, 216, 217, 218, 219, 225, 227, 229, 231, 234, 235, 236, 237, 239, 241, 242, 244, 246, 248, 252, 259]
size 101 : [10, 47, 48, 49, 50, 52, 53, 54, 55, 57, 58, 59, 63, 64, 65, 67, 68, 69, 70, 71, 73, 74, 82, 83, 84, 86, 87, 89, 92, 93, 94, 97, 98, 99, 101, 103, 104, 106, 114, 115, 116, 117, 118, 120, 122, 124, 129, 130, 131, 133, 134, 135, 136, 137, 139, 140, 142, 143, 149, 158, 163, 166, 167, 168, 169, 170, 174, 175, 179, 180, 181, 182, 183, 185, 187, 189, 191, 192, 193, 197, 204, 209, 214, 216, 217, 218, 219, 220, 225, 227, 229, 231, 234, 236, 237, 239, 241, 242, 244, 248, 252]
size 132 : [11, 16, 18, 21, 23, 24, 26, 27, 30, 33, 34, 36, 40, 41, 42, 43, 44, 45, 47, 48, 49, 52, 53, 54, 55, 56, 58, 59, 63, 64, 65, 67, 68, 69, 70, 71, 73, 74, 79, 80, 82, 83, 84, 85, 86, 87, 88, 89, 92, 93, 94, 97, 98, 99, 101, 102, 103, 104, 106, 107, 114, 115, 116, 117, 118, 120, 122, 124, 128, 129, 130, 131, 133, 134, 135, 136, 137, 138, 139, 140, 142, 143, 149, 153, 156, 158, 160, 163, 166, 167, 168, 169, 170, 171, 174, 175, 176, 177, 179, 181, 182, 183, 185, 187, 189, 191, 192, 193, 197, 204, 209, 214, 216, 217, 218, 219, 220, 225, 227, 231, 234, 236, 237, 239, 240, 241, 244, 246, 248, 252, 255, 259]
size 127 : [11, 17, 18, 20, 21, 23, 24, 26, 27, 30, 33, 34, 36, 40, 41, 42, 43, 44, 45, 47, 48, 49, 52, 53, 54, 55, 56, 58, 59, 63, 64, 65, 67, 68, 69, 70, 71, 73, 74, 80, 82, 83, 84, 85, 86, 87, 89, 92, 93, 94, 97, 98, 99, 101, 102, 103, 104, 106, 107, 114, 115, 116, 117, 118, 120, 122, 124, 128, 129, 130, 131, 133, 134, 136, 137, 138, 139, 140, 142, 143, 149, 153, 156, 160, 163, 166, 167, 168, 169, 170, 174, 175, 176, 177, 179, 181, 182, 183, 185, 187, 189, 191, 192, 193, 197, 204, 209, 214, 216, 217, 218, 219, 220, 225, 227, 231, 234, 236, 237, 239, 240, 241, 244, 248, 252, 255, 259]
size 127 : [11, 18, 20, 21, 23, 24, 26, 27, 30, 33, 34, 36, 40, 41, 42, 43, 44, 45, 47, 48, 49, 52, 53, 54, 55, 56, 58, 59, 63, 64, 65, 67, 68, 69, 70, 71, 73, 74, 80, 82, 83, 84, 85, 86, 87, 89, 92, 93, 94, 97, 98, 99, 101, 102, 103, 104, 106, 107, 114, 115, 116, 117, 118, 120, 122, 124, 128, 129, 130, 131, 133, 134, 136, 137, 138, 139, 140, 142, 143, 149, 153, 156, 160, 163, 166, 167, 168, 169, 170, 174, 175, 176, 177, 179, 181, 182, 183, 185, 187, 189, 191, 192, 193, 197, 204, 209, 214, 215, 216, 217, 218, 219, 220, 225, 227, 231, 234, 236, 237, 239, 240, 241, 244, 248, 252, 255, 259]
size 129 : [11, 23, 24, 26, 27, 30, 33, 34, 35, 36, 40, 41, 42, 43, 44, 45, 47, 48, 49, 52, 53, 54, 55, 56, 57, 58, 59, 63, 64, 65, 67, 68, 69, 70, 71, 73, 74, 79, 80, 81, 82, 83, 84, 85, 86, 87, 89, 92, 93, 94, 97, 98, 99, 101, 102, 103, 104, 106, 107, 114, 115, 116, 117, 118, 120, 122, 124, 128, 129, 130, 131, 133, 134, 135, 136, 137, 138, 139, 140, 142, 143, 148, 149, 156, 158, 163, 166, 167, 168, 169, 170, 174, 175, 176, 177, 179, 181, 182, 183, 185, 187, 189, 191, 192, 193, 197, 204, 209, 214, 215, 216, 217, 218, 219, 220, 225, 227, 231, 234, 236, 237, 239, 240, 241, 242, 244, 248, 252, 259]
size 109 : [11, 40, 41, 42, 43, 44, 45, 46, 47, 48, 49, 52, 54, 56, 57, 58, 59, 60, 63, 64, 65, 67, 68, 69, 70, 73, 74, 79, 80, 81, 82, 83, 84, 85, 86, 87, 89, 92, 93, 94, 97, 98, 99, 102, 104, 107, 114, 115, 116, 117, 118, 120, 121, 122, 123, 124, 129, 130, 133, 135, 138, 139, 140, 142, 143, 148, 149, 156, 162, 166, 167, 168, 169, 170, 174, 179, 180, 181, 182, 183, 187, 189, 191, 192, 193, 195, 197, 204, 214, 216, 217, 218, 219, 225, 227, 229, 231, 234, 235, 236, 237, 239, 241, 242, 244, 246, 248, 252, 259]
size 101 : [11, 47, 48, 49, 50, 52, 53, 54, 55, 57, 58, 59, 63, 64, 65, 67, 68, 69, 70, 71, 73, 74, 82, 83, 84, 86, 87, 89, 92, 93, 94, 97, 98, 99, 101, 103, 104, 106, 114, 115, 116, 117, 118, 120, 122, 124, 129, 130, 131, 133, 134, 135, 136, 137, 139, 140, 142, 143, 149, 158, 163, 166, 167, 168, 169, 170, 174, 175, 179, 180, 181, 182, 183, 185, 187, 189, 191, 192, 193, 197, 204, 209, 214, 216, 217, 218, 219, 220, 225, 227, 229, 231, 234, 236, 237, 239, 241, 242, 244, 248, 252]
size 98 : [13, 40, 41, 42, 43, 44, 45, 46, 47, 48, 49, 52, 54, 56, 57, 58, 63, 64, 65, 66, 67, 68, 69, 70, 73, 74, 79, 80, 81, 82, 83, 84, 85, 86, 87, 89, 92, 93, 94, 97, 98, 99, 114, 115, 116, 118, 120, 121, 122, 123, 124, 129, 133, 138, 139, 140, 142, 143, 148, 149, 156, 166, 167, 168, 169, 170, 174, 181, 182, 187, 189, 190, 191, 192, 193, 195, 197, 204, 214, 216, 217, 218, 219, 225, 227, 229, 231, 234, 235, 236, 237, 241, 242, 244, 246, 248, 252, 259]
size 107 : [13, 47, 48, 49, 52, 53, 54, 55, 56, 57, 58, 63, 64, 65, 67, 68, 69, 70, 71, 73, 74, 79, 80, 81, 82, 83, 84, 85, 86, 87, 89, 92, 93, 94, 97, 98, 99, 101, 102, 104, 106, 114, 115, 116, 117, 118, 120, 121, 122, 124, 128, 129, 130, 131, 133, 138, 139, 140, 142, 143, 148, 149, 156, 158, 163, 166, 167, 168, 169, 170, 174, 176, 177, 179, 181, 182, 187, 189, 191, 192, 193, 195, 197, 200, 204, 209, 214, 216, 217, 218, 219, 225, 227, 229, 231, 234, 235, 236, 237, 239, 241, 242, 244, 246, 248, 252, 259]
size 134 : [16, 23, 24, 26, 27, 30, 33, 34, 35, 36, 40, 41, 42, 43, 44, 45, 47, 48, 49, 52, 53, 54, 55, 56, 58, 59, 63, 64, 65, 67, 68, 69, 70, 71, 73, 74, 79, 80, 81, 82, 83, 84, 85, 86, 87, 88, 89, 92, 93, 94, 97, 98, 99, 101, 102, 103, 104, 106, 107, 114, 115, 116, 117, 118, 120, 122, 124, 128, 129, 130, 131, 133, 134, 135, 136, 137, 138, 139, 140, 142, 143, 148, 149, 153, 156, 158, 160, 163, 166, 167, 168, 169, 170, 171, 174, 175, 176, 177, 179, 181, 182, 183, 185, 187, 189, 191, 192, 193, 197, 204, 209, 214, 216, 217, 218, 219, 220, 225, 227, 229, 231, 234, 235, 236, 237, 239, 240, 241, 242, 244, 246, 248, 252, 259]
size 130 : [17, 21, 23, 24, 26, 27, 30, 33, 34, 36, 40, 41, 42, 43, 44, 45, 47, 48, 49, 52, 53, 54, 55, 56, 58, 59, 63, 64, 65, 67, 68, 69, 70, 71, 73, 74, 79, 80, 82, 83, 84, 85, 86, 87, 88, 89, 92, 93, 94, 97, 98, 99, 101, 102, 103, 104, 106, 107, 114, 115, 116, 117, 118, 120, 122, 124, 128, 129, 130, 131, 133, 134, 135, 136, 137, 138, 139, 140, 142, 143, 149, 153, 156, 158, 160, 163, 166, 167, 168, 169, 170, 171, 174, 175, 176, 177, 179, 181, 182, 183, 185, 187, 189, 191, 192, 193, 197, 204, 209, 214, 216, 217, 218, 219, 220, 225, 227, 231, 234, 236, 237, 239, 240, 241, 244, 246, 248, 252, 255, 259]
size 131 : [17, 23, 24, 26, 27, 30, 33, 34, 35, 36, 40, 41, 42, 43, 44, 45, 47, 48, 49, 52, 53, 54, 55, 56, 57, 58, 59, 63, 64, 65, 67, 68, 69, 70, 71, 73, 74, 79, 80, 81, 82, 83, 84, 85, 86, 87, 89, 92, 93, 94, 97, 98, 99, 101, 102, 103, 104, 106, 107, 114, 115, 116, 117, 118, 120, 122, 124, 128, 129, 130, 131, 133, 134, 135, 136, 137, 138, 139, 140, 142, 143, 148, 149, 156, 158, 163, 166, 167, 168, 169, 170, 174, 175, 176, 177, 179, 181, 182, 183, 185, 187, 189, 191, 192, 193, 197, 204, 209, 214, 216, 217, 218, 219, 220, 225, 227, 229, 231, 234, 235, 236, 237, 239, 240, 241, 242, 244, 246, 248, 252, 259]
size 127 : [17, 33, 34, 35, 36, 40, 41, 42, 43, 44, 45, 47, 48, 49, 52, 53, 54, 55, 56, 57, 58, 59, 63, 64, 65, 67, 68, 69, 70, 71, 73, 74, 79, 80, 81, 82, 83, 84, 85, 86, 87, 89, 92, 93, 94, 97, 98, 99, 101, 102, 103, 104, 106, 107, 114, 115, 116, 117, 118, 120, 122, 124, 128, 129, 130, 131, 133, 134, 135, 136, 137, 138, 139, 140, 142, 143, 148, 149, 156, 158, 163, 166, 167, 168, 169, 170, 174, 175, 176, 177, 179, 181, 182, 183, 185, 187, 189, 191, 192, 193, 197, 204, 209, 214, 216, 217, 218, 219, 220, 222, 225, 227, 229, 231, 234, 235, 236, 237, 239, 240, 241, 242, 244, 246, 248, 252, 259]
size 106 : [17, 41, 42, 43, 44, 45, 47, 48, 49, 50, 52, 53, 54, 55, 57, 58, 59, 63, 64, 65, 67, 68, 69, 70, 71, 73, 74, 82, 83, 84, 86, 87, 89, 92, 93, 94, 97, 98, 99, 101, 103, 104, 106, 114, 115, 116, 117, 118, 120, 122, 124, 129, 130, 131, 133, 134, 135, 136, 137, 139, 140, 142, 143, 149, 158, 163, 166, 167, 168, 169, 170, 174, 175, 179, 180, 181, 182, 183, 185, 187, 189, 191, 192, 193, 197, 204, 209, 214, 216, 217, 218, 219, 220, 225, 227, 229, 231, 234, 236, 237, 239, 241, 242, 244, 248, 252]
size 129 : [18, 23, 24, 26, 27, 30, 33, 34, 35, 36, 40, 41, 42, 43, 44, 45, 47, 48, 49, 52, 53, 54, 55, 56, 57, 58, 59, 63, 64, 65, 67, 68, 69, 70, 71, 73, 74, 79, 80, 81, 82, 83, 84, 85, 86, 87, 89, 92, 93, 94, 97, 98, 99, 101, 102, 103, 104, 106, 107, 114, 115, 116, 117, 118, 120, 122, 124, 128, 129, 130, 131, 133, 134, 135, 136, 137, 138, 139, 140, 142, 143, 148, 149, 156, 158, 163, 166, 167, 168, 169, 170, 174, 175, 176, 177, 179, 181, 182, 183, 185, 187, 189, 191, 192, 193, 197, 204, 209, 214, 215, 216, 217, 218, 219, 220, 225, 227, 231, 234, 236, 237, 239, 240, 241, 242, 244, 248, 252, 259]
size 109 : [18, 40, 41, 42, 43, 44, 45, 46, 47, 48, 49, 52, 54, 56, 57, 58, 59, 60, 63, 64, 65, 67, 68, 69, 70, 73, 74, 79, 80, 81, 82, 83, 84, 85, 86, 87, 89, 92, 93, 94, 97, 98, 99, 102, 104, 107, 114, 115, 116, 117, 118, 120, 121, 122, 123, 124, 129, 130, 133, 135, 138, 139, 140, 142, 143, 148, 149, 156, 162, 166, 167, 168, 169, 170, 174, 179, 180, 181, 182, 183, 187, 189, 191, 192, 193, 195, 197, 204, 214, 216, 217, 218, 219, 225, 227, 229, 231, 234, 235, 236, 237, 239, 241, 242, 244, 246, 248, 252, 259]
size 101 : [18, 47, 48, 49, 50, 52, 53, 54, 55, 57, 58, 59, 63, 64, 65, 67, 68, 69, 70, 71, 73, 74, 82, 83, 84, 86, 87, 89, 92, 93, 94, 97, 98, 99, 101, 103, 104, 106, 114, 115, 116, 117, 118, 120, 122, 124, 129, 130, 131, 133, 134, 135, 136, 137, 139, 140, 142, 143, 149, 158, 163, 166, 167, 168, 169, 170, 174, 175, 179, 180, 181, 182, 183, 185, 187, 189, 191, 192, 193, 197, 204, 209, 214, 216, 217, 218, 219, 220, 225, 227, 229, 231, 234, 236, 237, 239, 241, 242, 244, 248, 252]
size 126 : [20, 23, 24, 26, 27, 30, 33, 34, 36, 40, 41, 42, 43, 44, 45, 47, 48, 49, 52, 53, 54, 55, 56, 58, 59, 63, 64, 65, 67, 68, 69, 70, 71, 73, 74, 80, 81, 82, 83, 84, 85, 86, 87, 89, 92, 93, 94, 97, 98, 99, 101, 102, 103, 104, 106, 107, 114, 115, 116, 117, 118, 120, 122, 124, 128, 129, 130, 131, 133, 134, 136, 137, 138, 139, 140, 142, 143, 148, 149, 153, 156, 160, 163, 166, 167, 168, 169, 170, 174, 175, 176, 177, 179, 181, 182, 183, 185, 187, 189, 191, 192, 193, 197, 204, 209, 214, 215, 216, 217, 218, 219, 220, 225, 227, 231, 234, 236, 237, 239, 240, 241, 242, 244, 248, 252, 259]
size 103 : [21, 41, 42, 43, 44, 45, 47, 48, 49, 50, 52, 53, 54, 55, 58, 59, 63, 64, 65, 67, 68, 69, 70, 71, 73, 74, 82, 83, 84, 86, 87, 89, 92, 93, 94, 97, 98, 99, 101, 103, 104, 106, 114, 115, 116, 117, 118, 120, 122, 124, 129, 130, 131, 133, 134, 135, 136, 137, 139, 140, 142, 143, 149, 158, 163, 166, 167, 168, 169, 170, 174, 175, 179, 180, 181, 182, 183, 185, 187, 189, 191, 192, 193, 197, 204, 209, 214, 216, 217, 218, 219, 220, 225, 227, 231, 234, 236, 237, 239, 241, 244, 248, 252]
size 109 : [23, 40, 41, 42, 43, 44, 45, 46, 47, 48, 49, 52, 54, 56, 57, 58, 59, 60, 63, 64, 65, 67, 68, 69, 70, 73, 74, 79, 80, 81, 82, 83, 84, 85, 86, 87, 89, 92, 93, 94, 97, 98, 99, 102, 104, 107, 114, 115, 116, 117, 118, 120, 121, 122, 123, 124, 129, 130, 133, 135, 138, 139, 140, 142, 143, 148, 149, 156, 162, 166, 167, 168, 169, 170, 174, 179, 180, 181, 182, 183, 187, 189, 191, 192, 193, 195, 197, 204, 214, 216, 217, 218, 219, 225, 227, 229, 231, 234, 235, 236, 237, 239, 241, 242, 244, 246, 248, 252, 259]
size 101 : [23, 47, 48, 49, 50, 52, 53, 54, 55, 57, 58, 59, 63, 64, 65, 67, 68, 69, 70, 71, 73, 74, 82, 83, 84, 86, 87, 89, 92, 93, 94, 97, 98, 99, 101, 103, 104, 106, 114, 115, 116, 117, 118, 120, 122, 124, 129, 130, 131, 133, 134, 135, 136, 137, 139, 140, 142, 143, 149, 158, 163, 166, 167, 168, 169, 170, 174, 175, 179, 180, 181, 182, 183, 185, 187, 189, 191, 192, 193, 197, 204, 209, 214, 216, 217, 218, 219, 220, 225, 227, 229, 231, 234, 236, 237, 239, 241, 242, 244, 248, 252]
size 109 : [24, 40, 41, 42, 43, 44, 45, 46, 47, 48, 49, 52, 54, 56, 57, 58, 59, 60, 63, 64, 65, 67, 68, 69, 70, 73, 74, 79, 80, 81, 82, 83, 84, 85, 86, 87, 89, 92, 93, 94, 97, 98, 99, 102, 104, 107, 114, 115, 116, 117, 118, 120, 121, 122, 123, 124, 129, 130, 133, 135, 138, 139, 140, 142, 143, 148, 149, 156, 162, 166, 167, 168, 169, 170, 174, 179, 180, 181, 182, 183, 187, 189, 191, 192, 193, 195, 197, 204, 214, 216, 217, 218, 219, 225, 227, 229, 231, 234, 235, 236, 237, 239, 241, 242, 244, 246, 248, 252, 259]
size 101 : [24, 47, 48, 49, 50, 52, 53, 54, 55, 57, 58, 59, 63, 64, 65, 67, 68, 69, 70, 71, 73, 74, 82, 83, 84, 86, 87, 89, 92, 93, 94, 97, 98, 99, 101, 103, 104, 106, 114, 115, 116, 117, 118, 120, 122, 124, 129, 130, 131, 133, 134, 135, 136, 137, 139, 140, 142, 143, 149, 158, 163, 166, 167, 168, 169, 170, 174, 175, 179, 180, 181, 182, 183, 185, 187, 189, 191, 192, 193, 197, 204, 209, 214, 216, 217, 218, 219, 220, 225, 227, 229, 231, 234, 236, 237, 239, 241, 242, 244, 248, 252]
size 109 : [26, 40, 41, 42, 43, 44, 45, 46, 47, 48, 49, 52, 54, 56, 57, 58, 59, 60, 63, 64, 65, 67, 68, 69, 70, 73, 74, 79, 80, 81, 82, 83, 84, 85, 86, 87, 89, 92, 93, 94, 97, 98, 99, 102, 104, 107, 114, 115, 116, 117, 118, 120, 121, 122, 123, 124, 129, 130, 133, 135, 138, 139, 140, 142, 143, 148, 149, 156, 162, 166, 167, 168, 169, 170, 174, 179, 180, 181, 182, 183, 187, 189, 191, 192, 193, 195, 197, 204, 214, 216, 217, 218, 219, 225, 227, 229, 231, 234, 235, 236, 237, 239, 241, 242, 244, 246, 248, 252, 259]
size 101 : [26, 47, 48, 49, 50, 52, 53, 54, 55, 57, 58, 59, 63, 64, 65, 67, 68, 69, 70, 71, 73, 74, 82, 83, 84, 86, 87, 89, 92, 93, 94, 97, 98, 99, 101, 103, 104, 106, 114, 115, 116, 117, 118, 120, 122, 124, 129, 130, 131, 133, 134, 135, 136, 137, 139, 140, 142, 143, 149, 158, 163, 166, 167, 168, 169, 170, 174, 175, 179, 180, 181, 182, 183, 185, 187, 189, 191, 192, 193, 197, 204, 209, 214, 216, 217, 218, 219, 220, 225, 227, 229, 231, 234, 236, 237, 239, 241, 242, 244, 248, 252]
size 109 : [27, 40, 41, 42, 43, 44, 45, 46, 47, 48, 49, 52, 54, 56, 57, 58, 59, 60, 63, 64, 65, 67, 68, 69, 70, 73, 74, 79, 80, 81, 82, 83, 84, 85, 86, 87, 89, 92, 93, 94, 97, 98, 99, 102, 104, 107, 114, 115, 116, 117, 118, 120, 121, 122, 123, 124, 129, 130, 133, 135, 138, 139, 140, 142, 143, 148, 149, 156, 162, 166, 167, 168, 169, 170, 174, 179, 180, 181, 182, 183, 187, 189, 191, 192, 193, 195, 197, 204, 214, 216, 217, 218, 219, 225, 227, 229, 231, 234, 235, 236, 237, 239, 241, 242, 244, 246, 248, 252, 259]
size 101 : [27, 47, 48, 49, 50, 52, 53, 54, 55, 57, 58, 59, 63, 64, 65, 67, 68, 69, 70, 71, 73, 74, 82, 83, 84, 86, 87, 89, 92, 93, 94, 97, 98, 99, 101, 103, 104, 106, 114, 115, 116, 117, 118, 120, 122, 124, 129, 130, 131, 133, 134, 135, 136, 137, 139, 140, 142, 143, 149, 158, 163, 166, 167, 168, 169, 170, 174, 175, 179, 180, 181, 182, 183, 185, 187, 189, 191, 192, 193, 197, 204, 209, 214, 216, 217, 218, 219, 220, 225, 227, 229, 231, 234, 236, 237, 239, 241, 242, 244, 248, 252]
size 101 : [33, 47, 48, 49, 50, 52, 53, 54, 55, 57, 58, 59, 63, 64, 65, 67, 68, 69, 70, 71, 73, 74, 82, 83, 84, 86, 87, 89, 92, 93, 94, 97, 98, 99, 101, 103, 104, 106, 114, 115, 116, 117, 118, 120, 122, 124, 129, 130, 131, 133, 134, 135, 136, 137, 139, 140, 142, 143, 149, 158, 163, 166, 167, 168, 169, 170, 174, 175, 179, 180, 181, 182, 183, 185, 187, 189, 191, 192, 193, 197, 204, 209, 214, 216, 217, 218, 219, 220, 225, 227, 229, 231, 234, 236, 237, 239, 241, 242, 244, 248, 252]
size 101 : [34, 47, 48, 49, 50, 52, 53, 54, 55, 57, 58, 59, 63, 64, 65, 67, 68, 69, 70, 71, 73, 74, 82, 83, 84, 86, 87, 89, 92, 93, 94, 97, 98, 99, 101, 103, 104, 106, 114, 115, 116, 117, 118, 120, 122, 124, 129, 130, 131, 133, 134, 135, 136, 137, 139, 140, 142, 143, 149, 158, 163, 166, 167, 168, 169, 170, 174, 175, 179, 180, 181, 182, 183, 185, 187, 189, 191, 192, 193, 197, 204, 209, 214, 216, 217, 218, 219, 220, 225, 227, 229, 231, 234, 236, 237, 239, 241, 242, 244, 248, 252]
size 101 : [36, 47, 48, 49, 50, 52, 53, 54, 55, 57, 58, 59, 63, 64, 65, 67, 68, 69, 70, 71, 73, 74, 82, 83, 84, 86, 87, 89, 92, 93, 94, 97, 98, 99, 101, 103, 104, 106, 114, 115, 116, 117, 118, 120, 122, 124, 129, 130, 131, 133, 134, 135, 136, 137, 139, 140, 142, 143, 149, 158, 163, 166, 167, 168, 169, 170, 174, 175, 179, 180, 181, 182, 183, 185, 187, 189, 191, 192, 193, 197, 204, 209, 214, 216, 217, 218, 219, 220, 225, 227, 229, 231, 234, 236, 237, 239, 241, 242, 244, 248, 252]
size 111 : [47, 54, 55, 56, 57, 58, 59, 60, 63, 64, 65, 67, 68, 69, 70, 71, 73, 74, 79, 80, 81, 82, 83, 84, 85, 86, 87, 89, 92, 93, 94, 97, 98, 99, 101, 102, 103, 104, 106, 107, 114, 115, 116, 117, 118, 120, 122, 124, 129, 130, 131, 133, 134, 135, 136, 138, 139, 140, 142, 143, 148, 149, 156, 158, 162, 163, 166, 167, 168, 169, 170, 174, 175, 176, 177, 179, 180, 181, 182, 183, 187, 189, 191, 192, 193, 195, 197, 204, 209, 214, 216, 217, 218, 219, 220, 225, 227, 229, 231, 234, 235, 236, 237, 239, 241, 242, 244, 246, 248, 252, 259]
size 108 : [47, 58, 59, 60, 63, 64, 65, 67, 68, 69, 70, 71, 73, 74, 79, 80, 81, 82, 83, 84, 85, 86, 87, 89, 92, 93, 94, 97, 98, 99, 101, 102, 103, 104, 106, 107, 114, 115, 116, 117, 118, 120, 122, 124, 129, 130, 131, 133, 134, 135, 136, 138, 139, 140, 142, 143, 148, 149, 156, 158, 160, 162, 163, 166, 167, 168, 169, 170, 174, 175, 176, 177, 179, 180, 181, 182, 183, 187, 189, 191, 192, 193, 195, 197, 204, 209, 214, 216, 217, 218, 219, 220, 225, 227, 229, 231, 234, 235, 236, 237, 239, 241, 242, 244, 246, 248, 252, 259]
size 92 : [47, 63, 64, 65, 66, 67, 68, 69, 70, 71, 73, 74, 79, 80, 81, 82, 83, 84, 85, 86, 87, 89, 92, 93, 94, 97, 98, 99, 101, 106, 114, 115, 116, 118, 120, 121, 122, 123, 124, 129, 133, 135, 138, 139, 140, 142, 143, 148, 149, 156, 163, 166, 167, 168, 169, 170, 174, 176, 177, 181, 182, 187, 189, 190, 191, 192, 193, 195, 197, 200, 204, 209, 214, 216, 217, 218, 219, 225, 227, 229, 231, 234, 235, 236, 237, 241, 242, 244, 246, 248, 252, 259]
size 97 : [47, 82, 83, 84, 85, 86, 87, 88, 89, 92, 93, 94, 97, 98, 99, 101, 102, 103, 104, 106, 107, 114, 115, 116, 117, 118, 120, 122, 124, 128, 129, 130, 131, 133, 134, 135, 136, 137, 138, 139, 140, 142, 143, 148, 149, 153, 156, 158, 160, 163, 166, 167, 168, 169, 170, 171, 174, 175, 176, 177, 179, 181, 182, 183, 185, 187, 189, 191, 192, 193, 197, 204, 209, 214, 216, 217, 218, 219, 220, 225, 227, 229, 231, 234, 235, 236, 237, 239, 240, 241, 242, 244, 246, 248, 252, 255, 259]
size 89 : [47, 85, 86, 87, 88, 89, 92, 93, 94, 97, 98, 99, 101, 102, 103, 104, 106, 107, 110, 114, 115, 116, 117, 118, 119, 120, 122, 124, 129, 130, 133, 134, 135, 136, 137, 138, 139, 140, 142, 143, 148, 149, 153, 156, 158, 160, 162, 163, 166, 167, 168, 169, 170, 174, 175, 176, 177, 179, 181, 182, 183, 187, 189, 191, 192, 193, 194, 197, 204, 209, 214, 215, 216, 217, 218, 219, 220, 225, 227, 231, 234, 236, 237, 239, 241, 244, 248, 252, 259]
size 69 : [47, 108, 114, 115, 116, 117, 118, 120, 121, 122, 123, 124, 129, 130, 131, 133, 135, 138, 139, 140, 142, 143, 148, 149, 156, 158, 162, 163, 166, 167, 168, 169, 170, 174, 176, 179, 180, 181, 182, 187, 189, 191, 192, 193, 195, 197, 204, 209, 214, 216, 217, 218, 219, 225, 227, 229, 231, 234, 235, 236, 237, 239, 241, 242, 244, 246, 248, 252, 259]
size 69 : [47, 114, 115, 116, 117, 118, 119, 120, 121, 122, 123, 124, 128, 129, 130, 133, 135, 138, 139, 140, 142, 143, 148, 149, 156, 158, 163, 166, 167, 168, 169, 170, 174, 176, 177, 179, 181, 182, 183, 187, 189, 191, 192, 193, 195, 196, 197, 204, 209, 214, 216, 217, 218, 219, 222, 225, 227, 231, 234, 235, 236, 237, 239, 241, 244, 246, 248, 252, 259]
size 65 : [47, 120, 121, 122, 123, 124, 128, 129, 130, 131, 133, 135, 138, 139, 140, 142, 143, 148, 149, 156, 158, 163, 166, 167, 168, 169, 170, 174, 176, 177, 179, 181, 182, 183, 187, 189, 191, 192, 193, 195, 197, 200, 204, 209, 214, 216, 217, 218, 219, 225, 227, 229, 231, 234, 235, 236, 237, 239, 241, 242, 244, 246, 248, 252, 259]
size 67 : [47, 122, 123, 124, 128, 129, 130, 131, 133, 135, 138, 139, 140, 142, 143, 148, 149, 153, 154, 156, 158, 163, 166, 167, 168, 169, 170, 171, 174, 176, 177, 179, 181, 182, 183, 187, 189, 191, 192, 193, 195, 197, 204, 209, 214, 216, 217, 218, 219, 220, 225, 227, 229, 231, 234, 235, 236, 237, 239, 240, 241, 242, 244, 246, 248, 252, 259]
size 67 : [47, 129, 130, 131, 133, 134, 135, 136, 137, 138, 139, 140, 142, 143, 148, 149, 153, 156, 158, 160, 162, 163, 166, 167, 168, 169, 170, 171, 174, 175, 176, 177, 179, 181, 182, 183, 187, 189, 191, 192, 193, 197, 204, 209, 214, 216, 217, 218, 219, 220, 225, 227, 229, 231, 234, 235, 236, 237, 239, 241, 242, 244, 246, 248, 252, 255, 259]
size 59 : [47, 133, 134, 135, 136, 137, 138, 139, 140, 142, 143, 148, 149, 153, 156, 158, 160, 162, 163, 166, 167, 168, 169, 170, 171, 173, 174, 175, 176, 177, 181, 183, 189, 191, 192, 193, 194, 197, 204, 209, 214, 216, 217, 218, 219, 220, 225, 227, 231, 234, 236, 237, 241, 242, 244, 246, 248, 252, 259]
